1761
0 1
1 2
0 3
2 4
3 5
3 6
4 7
6 8
2 9
4 10
9 11
5 12
7 13
5 14
12 15
14 16
15 17
10 18
17 19
17 20
6 21
18 22
15 23
9 24
10 25
23 26
13 27
13 28
8 29
1 30
14 31
20 32
26 33
26 34
8 35
30 36
32 37
33 38
29 39
30 40
24 41
18 42
27 43
41 44
7 45
39 46
11 47
16 48
43 49
45 50
22 51
20 52
52 53
49 54
38 55
52 56
49 57
40 58
34 59
22 60
44 61
39 62
61 63
63 64
41 65
61 66
24 67
62 68
28 69
12 70
19 71
54 72
33 73
66 74
21 75
40 76
53 77
32 78
36 79
27 80
62 81
28 82
70 83
68 84
37 85
58 86
51 87
73 88
84 89
47 90
19 91
57 92
63 93
81 94
59 95
46 96
76 97
37 98
44 99
73 100
86 101
79 102
58 103
101 104
48 105
91 106
57 107
104 108
97 109
67 110
69 111
60 112
90 113
76 114
97 115
82 116
50 117
109 118
116 119
77 120
92 121
79 122
38 123
98 124
101 125
124 126
42 127
89 128
105 129
86 130
74 131
104 132
67 133
100 134
36 135
113 136
122 137
80 138
90 139
128 140
53 141
128 142
85 143
82 144
83 145
96 146
11 147
134 148
125 149
81 150
45 151
140 152
141 153
98 154
99 155
141 156
111 157
48 158
75 159
21 160
134 161
91 162
108 163
89 164
163 165
152 166
96 167
105 168
164 169
65 170
34 171
23 172
132 173
25 174
157 175
152 176
165 177
72 178
164 179
139 180
155 181
31 182
151 183
42 184
95 185
156 186
127 187
187 188
95 189
147 190
108 191
51 192
171 193
78 194
84 195
163 196
59 197
85 198
119 199
132 200
142 201
121 202
114 203
158 204
175 205
188 206
69 207
46 208
118 209
186 210
130 211
178 212
184 213
25 214
31 215
94 216
145 217
83 218
161 219
70 220
109 221
156 222
172 223
176 224
203 225
50 226
74 227
203 228
106 229
217 230
143 231
106 232
71 233
181 234
93 235
188 236
191 237
112 238
87 239
158 240
230 241
118 242
228 243
243 244
77 245
207 246
224 247
243 248
185 249
239 250
78 251
206 252
191 253
114 254
175 255
124 256
232 257
200 258
227 259
16 260
190 261
249 262
155 263
87 264
169 265
223 266
212 267
64 268
232 269
107 270
107 271
135 272
256 273
100 274
159 275
189 276
248 277
264 278
238 279
130 280
236 281
186 282
160 283
219 284
193 285
258 286
174 287
284 288
254 289
116 290
189 291
194 292
280 293
286 294
72 295
125 296
237 297
202 298
255 299
268 300
35 301
205 302
43 303
228 304
279 305
267 306
29 307
230 308
281 309
145 310
287 311
138 312
88 313
267 314
131 315
282 316
168 317
271 318
197 319
293 320
234 321
231 322
320 323
162 324
195 325
194 326
71 327
314 328
266 329
327 330
192 331
99 332
143 333
219 334
181 335
253 336
238 337
149 338
182 339
177 340
196 341
305 342
310 343
198 344
280 345
333 346
239 347
151 348
162 349
313 350
348 351
340 352
248 353
296 354
190 355
216 356
187 357
258 358
204 359
308 360
136 361
173 362
353 363
281 364
250 365
174 366
120 367
126 368
60 369
176 370
275 371
231 372
371 373
234 374
131 375
362 376
180 377
296 378
214 379
347 380
371 381
327 382
343 383
353 384
278 385
183 386
250 387
180 388
372 389
92 390
338 391
220 392
376 393
343 394
351 395
251 396
308 397
220 398
237 399
224 400
261 401
317 402
245 403
290 404
269 405
240 406
185 407
133 408
407 409
182 410
292 411
120 412
245 413
177 414
408 415
307 416
236 417
316 418
386 419
123 420
322 421
129 422
346 423
356 424
329 425
212 426
161 427
146 428
364 429
270 430
406 431
261 432
282 433
360 434
75 435
380 436
272 437
169 438
273 439
394 440
222 441
64 442
171 443
251 444
110 445
179 446
135 447
241 448
310 449
56 450
207 451
68 452
112 453
274 454
334 455
350 456
110 457
351 458
320 459
253 460
173 461
277 462
445 463
264 464
235 465
433 466
425 467
303 468
271 469
294 470
329 471
201 472
178 473
419 474
359 475
426 476
366 477
333 478
149 479
199 480
408 481
193 482
358 483
66 484
88 485
476 486
153 487
462 488
485 489
172 490
166 491
304 492
433 493
424 494
393 495
247 496
443 497
233 498
294 499
291 500
47 501
309 502
197 503
501 504
306 505
409 506
456 507
458 508
192 509
489 510
285 511
167 512
456 513
424 514
330 515
461 516
93 517
314 518
325 519
325 520
321 521
400 522
416 523
513 524
137 525
323 526
210 527
262 528
214 529
276 530
516 531
522 532
495 533
300 534
477 535
399 536
200 537
256 538
150 539
209 540
440 541
479 542
103 543
369 544
520 545
170 546
349 547
539 548
431 549
434 550
295 551
515 552
437 553
113 554
529 555
421 556
266 557
316 558
498 559
496 560
504 561
184 562
241 563
160 564
528 565
170 566
229 567
477 568
538 569
392 570
452 571
201 572
569 573
240 574
291 575
524 576
573 577
317 578
553 579
530 580
103 581
210 582
481 583
481 584
434 585
556 586
331 587
512 588
292 589
468 590
322 591
223 592
536 593
587 594
428 595
577 596
352 597
511 598
384 599
380 600
444 601
359 602
571 603
522 604
579 605
362 606
480 607
299 608
146 609
426 610
592 611
596 612
443 613
491 614
115 615
289 616
370 617
352 618
540 619
529 620
516 621
384 622
479 623
404 624
386 625
139 626
558 627
449 628
324 629
515 630
299 631
127 632
569 633
460 634
440 635
198 636
437 637
326 638
493 639
446 640
341 641
65 642
117 643
293 644
608 645
587 646
393 647
441 648
297 649
513 650
449 651
357 652
389 653
382 654
249 655
407 656
629 657
600 658
507 659
373 660
428 661
136 662
257 663
318 664
548 665
338 666
392 667
213 668
144 669
496 670
388 671
662 672
418 673
398 674
363 675
656 676
196 677
551 678
523 679
126 680
399 681
147 682
648 683
550 684
490 685
640 686
625 687
381 688
144 689
501 690
471 691
648 692
279 693
677 694
511 695
603 696
530 697
463 698
482 699
311 700
532 701
342 702
462 703
565 704
492 705
195 706
531 707
295 708
523 709
675 710
447 711
488 712
614 713
349 714
610 715
183 716
695 717
390 718
213 719
698 720
466 721
556 722
262 723
309 724
536 725
618 726
321 727
458 728
307 729
330 730
150 731
470 732
374 733
348 734
341 735
673 736
596 737
179 738
524 739
693 740
494 741
209 742
656 743
723 744
679 745
742 746
588 747
358 748
470 749
686 750
705 751
582 752
334 753
677 754
723 755
254 756
620 757
525 758
628 759
323 760
518 761
753 762
613 763
603 764
528 765
229 766
377 767
678 768
665 769
468 770
561 771
581 772
494 773
558 774
389 775
690 776
35 777
414 778
465 779
383 780
670 781
684 782
306 783
363 784
344 785
376 786
594 787
419 788
687 789
785 790
412 791
740 792
471 793
549 794
422 795
119 796
770 797
520 798
708 799
508 800
621 801
755 802
400 803
205 804
242 805
324 806
168 807
117 808
660 809
503 810
502 811
532 812
94 813
593 814
435 815
273 816
784 817
365 818
606 819
774 820
719 821
729 822
775 823
288 824
567 825
478 826
284 827
754 828
225 829
753 830
553 831
502 832
576 833
807 834
478 835
403 836
594 837
819 838
304 839
636 840
278 841
300 842
339 843
369 844
298 845
808 846
165 847
374 848
629 849
544 850
259 851
102 852
429 853
463 854
752 855
102 856
246 857
685 858
331 859
328 860
597 861
216 862
285 863
360 864
452 865
834 866
575 867
472 868
683 869
326 870
689 871
711 872
159 873
534 874
372 875
335 876
397 877
877 878
457 879
609 880
439 881
655 882
767 883
819 884
843 885
505 886
332 887
873 888
736 889
864 890
583 891
744 892
208 893
133 894
683 895
699 896
708 897
138 898
886 899
387 900
402 901
714 902
767 903
860 904
894 905
684 906
552 907
344 908
466 909
361 910
652 911
318 912
692 913
775 914
549 915
666 916
689 917
312 918
682 919
666 920
618 921
585 922
517 923
537 924
672 925
482 926
409 927
480 928
473 929
789 930
257 931
551 932
398 933
667 934
265 935
166 936
802 937
561 938
778 939
537 940
564 941
763 942
864 943
489 944
312 945
686 946
724 947
441 948
397 949
617 950
700 951
709 952
492 953
746 954
55 955
797 956
367 957
954 958
542 959
756 960
448 961
740 962
454 963
938 964
627 965
578 966
887 967
836 968
913 969
490 970
682 971
493 972
801 973
628 974
676 975
692 976
509 977
774 978
140 979
681 980
659 981
431 982
616 983
435 984
735 985
202 986
916 987
789 988
756 989
917 990
885 991
693 992
276 993
670 994
830 995
609 996
941 997
287 998
887 999
379 1000
263 1001
913 1002
728 1003
888 1004
332 1005
825 1006
751 1007
222 1008
772 1009
814 1010
838 1011
227 1012
859 1013
954 1014
337 1015
953 1016
826 1017
773 1018
846 1019
579 1020
831 1021
585 1022
815 1023
727 1024
713 1025
797 1026
994 1027
607 1028
777 1029
388 1030
406 1031
445 1032
823 1033
658 1034
167 1035
884 1036
247 1037
898 1038
771 1039
80 1040
754 1041
931 1042
969 1043
422 1044
959 1045
1010 1046
788 1047
840 1048
1041 1049
902 1050
958 1051
823 1052
835 1053
960 1054
217 1055
301 1056
647 1057
663 1058
617 1059
1052 1060
491 1061
643 1062
555 1063
619 1064
826 1065
739 1066
527 1067
221 1068
623 1069
589 1070
586 1071
290 1072
961 1073
1023 1074
779 1075
1067 1076
543 1077
1059 1078
770 1079
1038 1080
589 1081
283 1082
704 1083
1070 1084
779 1085
972 1086
498 1087
960 1088
834 1089
737 1090
961 1091
420 1092
944 1093
645 1094
747 1095
705 1096
633 1097
953 1098
378 1099
405 1100
994 1101
688 1102
1101 1103
650 1104
727 1105
632 1106
1055 1107
830 1108
625 1109
283 1110
642 1111
1030 1112
255 1113
347 1114
412 1115
842 1116
983 1117
641 1118
701 1119
328 1120
563 1121
908 1122
611 1123
794 1124
912 1125
381 1126
265 1127
474 1128
1009 1129
824 1130
736 1131
1077 1132
970 1133
735 1134
404 1135
1001 1136
142 1137
578 1138
958 1139
1118 1140
799 1141
932 1142
410 1143
675 1144
865 1145
989 1146
497 1147
1125 1148
877 1149
620 1150
945 1151
1077 1152
1062 1153
1107 1154
1083 1155
1152 1156
801 1157
1091 1158
233 1159
396 1160
1088 1161
442 1162
674 1163
940 1164
580 1165
884 1166
706 1167
342 1168
544 1169
567 1170
1004 1171
442 1172
945 1173
739 1174
563 1175
630 1176
701 1177
505 1178
361 1179
1108 1180
421 1181
991 1182
986 1183
732 1184
1177 1185
706 1186
1184 1187
690 1188
876 1189
762 1190
591 1191
111 1192
242 1193
559 1194
1157 1195
467 1196
827 1197
354 1198
354 1199
1193 1200
259 1201
246 1202
1071 1203
900 1204
696 1205
1112 1206
1044 1207
455 1208
837 1209
1176 1210
1206 1211
984 1212
454 1213
1109 1214
614 1215
635 1216
874 1217
453 1218
1183 1219
783 1220
856 1221
483 1222
1120 1223
545 1224
703 1225
831 1226
1183 1227
378 1228
1110 1229
1062 1230
758 1231
487 1232
269 1233
1160 1234
645 1235
377 1236
221 1237
509 1238
1100 1239
711 1240
461 1241
1239 1242
1084 1243
718 1244
658 1245
1109 1246
687 1247
610 1248
1240 1249
1135 1250
313 1251
1161 1252
888 1253
998 1254
644 1255
1154 1256
387 1257
1158 1258
941 1259
289 1260
892 1261
780 1262
664 1263
1046 1264
1039 1265
559 1266
1219 1267
968 1268
798 1269
616 1270
1143 1271
685 1272
688 1273
1066 1274
662 1275
1068 1276
401 1277
822 1278
745 1279
765 1280
1044 1281
1092 1282
577 1283
750 1284
860 1285
766 1286
121 1287
1196 1288
882 1289
703 1290
416 1291
768 1292
923 1293
650 1294
1166 1295
1041 1296
791 1297
270 1298
1187 1299
546 1300
818 1301
914 1302
1174 1303
1065 1304
451 1305
891 1306
1204 1307
1086 1308
956 1309
555 1310
1250 1311
828 1312
817 1313
1141 1314
297 1315
518 1316
208 1317
418 1318
1159 1319
809 1320
1314 1321
844 1322
663 1323
636 1324
829 1325
1040 1326
997 1327
652 1328
667 1329
485 1330
813 1331
1012 1332
1134 1333
345 1334
1296 1335
1288 1336
1236 1337
157 1338
375 1339
1275 1340
1195 1341
696 1342
605 1343
1024 1344
575 1345
674 1346
55 1347
1187 1348
1331 1349
809 1350
812 1351
1142 1352
1172 1353
1231 1354
788 1355
1166 1356
1032 1357
1201 1358
1290 1359
1162 1360
1103 1361
898 1362
517 1363
319 1364
1222 1365
1169 1366
1080 1367
1138 1368
1148 1369
337 1370
1353 1371
924 1372
781 1373
1004 1374
115 1375
1056 1376
1080 1377
1251 1378
993 1379
1194 1380
218 1381
1127 1382
896 1383
745 1384
1383 1385
760 1386
1135 1387
1261 1388
1071 1389
1202 1390
713 1391
1316 1392
1035 1393
1186 1394
891 1395
487 1396
843 1397
925 1398
1139 1399
1223 1400
1364 1401
1243 1402
1273 1403
1093 1404
562 1405
1019 1406
849 1407
982 1408
1005 1409
1406 1410
1351 1411
538 1412
962 1413
854 1414
1400 1415
1363 1416
154 1417
885 1418
604 1419
557 1420
760 1421
787 1422
764 1423
1305 1424
1093 1425
1192 1426
451 1427
1195 1428
1067 1429
859 1430
506 1431
948 1432
534 1433
1421 1434
1214 1435
896 1436
1345 1437
1265 1438
1176 1439
1422 1440
800 1441
275 1442
612 1443
395 1444
1050 1445
274 1446
1031 1447
583 1448
872 1449
1066 1450
1188 1451
1002 1452
432 1453
298 1454
873 1455
981 1456
1238 1457
924 1458
395 1459
1293 1460
866 1461
403 1462
1413 1463
1219 1464
1120 1465
1040 1466
691 1467
1191 1468
597 1469
1388 1470
929 1471
1402 1472
647 1473
444 1474
413 1475
1179 1476
839 1477
866 1478
1138 1479
1309 1480
981 1481
1433 1482
447 1483
1252 1484
649 1485
453 1486
800 1487
1121 1488
1406 1489
1451 1490
1383 1491
370 1492
1153 1493
959 1494
373 1495
473 1496
573 1497
1216 1498
1215 1499
1371 1500
1399 1501
1084 1502
1481 1503
486 1504
681 1505
699 1506
1280 1507
844 1508
598 1509
1047 1510
1356 1511
848 1512
1018 1513
1215 1514
1291 1515
732 1516
716 1517
1351 1518
716 1519
883 1520
1055 1521
390 1522
1458 1523
1129 1524
1147 1525
969 1526
839 1527
1002 1528
1499 1529
1466 1530
1353 1531
303 1532
600 1533
1437 1534
1286 1535
580 1536
1264 1537
1352 1538
992 1539
1380 1540
586 1541
1199 1542
1462 1543
439 1544
712 1545
1108 1546
605 1547
1259 1548
879 1549
476 1550
543 1551
1213 1552
1515 1553
1418 1554
939 1555
1436 1556
1315 1557
417 1558
1536 1559
852 1560
835 1561
1456 1562
1369 1563
357 1564
1452 1565
1339 1566
1074 1567
932 1568
909 1569
1169 1570
1099 1571
503 1572
1394 1573
821 1574
750 1575
845 1576
1110 1577
599 1578
608 1579
644 1580
1324 1581
646 1582
810 1583
415 1584
1091 1585
1073 1586
495 1587
1362 1588
768 1589
1438 1590
1057 1591
719 1592
1423 1593
1289 1594
1591 1595
906 1596
786 1597
604 1598
1423 1599
1008 1600
1300 1601
863 1602
1390 1603
1303 1604
1410 1605
367 1606
773 1607
469 1608
825 1609
916 1610
863 1611
795 1612
1326 1613
631 1614
1127 1615
992 1616
1548 1617
1584 1618
1236 1619
1012 1620
851 1621
1596 1622
1255 1623
875 1624
465 1625
965 1626
356 1627
989 1628
1250 1629
869 1630
1285 1631
966 1632
1377 1633
268 1634
1345 1635
450 1636
671 1637
1118 1638
983 1639
218 1640
1049 1641
978 1642
1307 1643
1474 1644
957 1645
565 1646
514 1647
1620 1648
1064 1649
1324 1650
1648 1651
601 1652
1621 1653
1096 1654
1217 1655
432 1656
1555 1657
564 1658
964 1659
899 1660
878 1661
1144 1662
1378 1663
288 1664
988 1665
1517 1666
570 1667
1094 1668
1665 1669
883 1670
766 1671
311 1672
1075 1673
1261 1674
1027 1675
1366 1676
1316 1677
1342 1678
1058 1679
1253 1680
206 1681
394 1682
1484 1683
1437 1684
1652 1685
712 1686
1239 1687
568 1688
661 1689
717 1690
1524 1691
1326 1692
1536 1693
1445 1694
1628 1695
655 1696
1683 1697
795 1698
972 1699
633 1700
1224 1701
1290 1702
912 1703
1059 1704
1665 1705
738 1706
1343 1707
1160 1708
998 1709
1523 1710
1505 1711
1054 1712
653 1713
1287 1714
1218 1715
1498 1716
1577 1717
751 1718
1571 1719
793 1720
199 1721
211 1722
1444 1723
1029 1724
728 1725
1668 1726
1129 1727
527 1728
542 1729
875 1730
1346 1731
1134 1732
743 1733
634 1734
1242 1735
1684 1736
657 1737
897 1738
1048 1739
757 1740
1567 1741
129 1742
474 1743
1068 1744
446 1745
1438 1746
942 1747
1639 1748
1531 1749
1704 1750
1538 1751
1690 1752
893 1753
1106 1754
1267 1755
340 1756
993 1757
1547 1758
1402 1759
911 1760